11714098
23771716
40387124
77568553
47372349
8353769
48202661
38035986
36904469
43096270
97127906
70924884
64428736
89386122
99785935
17968114
67371383
42431843
93221206
81492226
43230671
14015067
36821538
49587396
86421986
47484352
48365709
89904598
85639257
12436646
75889523
15150371
49881766
14708569
36151751
53153481
15480588
16246527
17535588
20277860
26976414
48305365
89832901
88819587
86325596
67841515
10476868
89091579
72076281
48094997
5053103
18246479
55550921
6103114
84990171
11761845
29616941
16899564
32452818
58400390
94022093
39256679
53606874
42129512
8058240
7670542
58696829
36211150
87564352
97023549
5464695
34743446
35282433
89631139
41396436
8715625
12146024
48531733
21239280
98456117
68963107
81386177
9540040
74277583
69380702
6297941
47695416
91152256
44430454
18914778
13179332
22916281
8508055
98234196
41218256
80825553
92667214
34290067
38999506
67494157
38289717
53713014
77998771
95511642
28279543
22026707
6400512
30655537
44865098
75559356
48766543
45945685
81057959
86498013
59983499
41949033
67049542
11321183
32344688
9159938
53375573
46986414
13193642
89558090
99261403
40196604
89494469
35565537
5388481
78861134
43500484
73481154
96967123
69893315
29948642
32295838
76446915
40826495
62113340
97843505
25882881
30325729
18106132
72717433
16972957
84916669
756652
24194033
9197735
66672569
97973387
16353197
12493482
51228280
67105242
6367785
21844576
58932615
84327329
89943723
20721928
64154377
11250655
58818411
75376965
77542832
64511793
20315854
81563416
68401546
37160778
75582395
41392891
77456781
68870276
2863439
26566878
22855882
52800428
88435542
46534755
53581214
53293545
27054370
71407486
60862676
42599677
12883044
34460851
2830619
31987274
3134241
5628232
98818516
6631034
53830602
86281779
49003308
6368038
11549357
34536276
49888191
14977074
69780745
49258578
19737320
5818798
76908448
91731841
99645428
27126980
54620698
69140098
69247929
49370026
95265975
41762634
72299832
58831685
41403766
13039848
96981563
43793530
8471389
33621868
53776525
38445524
84620194
90582719
12057781
39674352
15367030
7526150
11793047
10992251
13676474
2906250
27094595
11813953
55691901
13429800
22910685
53829412
58314394
65623423
89272878
47879985
24639891
31122090
84285623
99030164
20060230
34100324
76812113
5434080
52584282
89987208
64501875
13140300
54579801
96851799
46718686
76184692
10859908
69669405
8783685
46821314
96005454
80141480
15042735
38982356
2118022
62397231
20848593
81686058
28546905
97923414
35052053
28450915
4042268
90876561
14851496
23635815
55337339
30113682
51934376
15401633
80600490
76634149
68928540
12829151
84103702
48109103
81179446
1929294
20541432
88979991
84686841
69455834
1184620
32569498
67724379
99171160
76512652
56283725
85705804
60802233
97590747
67284908
17358176
9430387
75850803
94675535
42591472
87322377
7902349
44519536
4392470
10538007
47226949
55444629
21251800
27671321
93108297
55210709
42625254
34320307
20831168
99510761
81618817
3985011
62210247
11091375
17658803
56342351
92731455
98795934
38116136
79182538
97240270
43905751
46474915
79629370
40374923
93553943
49127943
13723605
44287299
77581312
75499502
24530661
50176820
63545455
94412545
34442949
7359741
76211194
21817254
81823360
7562372
75390004
23032273
84754430
86569121
20129614
53832650
65957473
55998462
68339286
89189982
64271667
83678433
62327910
38277918
47986555
32012841
46864967
33178416
29054481
27288416
17192817
7225792
36121917
97612389
35712107
15820147
45909477
55784832
4931562
31477025
69992868
14181608
62793020
18108166
47060154
68516705
63515678
15025844
83464209
39552864
70084224
61454890
1761063
43352213
90963488
49563947
16587243
50930991
78402798
88643173
11987744
7805359
92125819
56713552
74637266
86088138
45121025
79335209
12482652
42941100
3606209
33064647
66927994
58538870
14531242
2971090
82065276
2311603
21263083
62762898
20624263
24433920
12143771
38142739
75356564
58192742
56649609
77603950
61201220
74852097
52550973
89959682
55567161
54112932
68075840
49858495
549481
80234301
10071456
24154052
49036338
7892180
73081602
4179849
25652259
95788410
29402771
85309439
65570596
74677422
60606759
62403074
70903634
8124921
92421852
44203504
38916461
68846917
62193699
82818645
91939608
39004808
39239728
26378150
15303296
24611934
2964201
37265642
66602787
73051941
67532912
71746462
23659124
42071342
2468169
15507080
6740720
76232340
85448931
82742611
66516792
40575313
4035199
87303357
82085619
4148264
71950093
90357090
86652646
5265750
10202894
32274490
54844990
95288024
30532390
40200834
68638985
3797883
29802344
60246171
84794011
84696266
38942059
49218300
15734813
31242786
4920010
36119641
52121290
85326399
87511987
98075147
32626733
14037717
80770678
34690519
54615781
29172562
90908427
63432835
68171737
72269672
15023985
71068263
55291359
70781052
27520594
41422426
92176681
13069066
73911410
3573512
50005633
75646173
44073668
3170832
46247516
47922711
732302
57935140
60715406
63308047
78060096
52367652
32864
32269855
24348204
93346024
8944575
66989694
18710707
68049471
83764996
28003512
98898173
32541773
63125616
29491031
10262698
18180762
93788854
27125110
78423643
33734439
15510988
49791927
62671448
33878931
46457856
69572024
59383041
80813021
42348802
14214060
78780140
39111158
77827521
45042329
72929454
17441953
37313348
59053232
29692206
60589682
78984772
94119974
57305373
72842870
56789759
57308711
85936485
97360116
1784619
48649353
51638941
22499463
94042337
78556320
33112041
14898066
75953262
66073051
3732747
55014050
93343894
2483611
66836598
87151205
27324313
37243151
96643568
91996584
92409659
3557275
2957055
92391084
47319141
98582704
39175982
87796900
57405307
42418084
92944626
31447217
36304921
49417509
56369281
17511156
17733394
35322812
73216412
69750536
17238333
62651957
23115241
10315429
70345785
76704943
71280811
41061625
17115745
30090452
10598400
24311372
14575467
7459013