34541863
64163367
91231901
73262676
101201056
37478723
64867422
90861137
44256816
67048711
86198326
6850209
49140998
8949584
295517
23587624
28596933
10493654
59332125
6552971
85327820
22933016
27412542
71422989
6004133
77297908
86578200
70564929
33503878
87390798
50179591
23784496
13662809
41803903
19596712
8719957
72932673
89801755
34838437
21323861
35956022
35498188
99004583
99927991
46552140
72957245
23812568
51630558
38589847
76224717
12644061
61314842
46052429
82263578
25345186
43575579
64952266
98864751
26372118
1475311
92881099
33773528
6374519
37803970
70389815
57312333
36100154
79965360
86758746
81325903
712559
50554729
23160024
303660
5183693
78665705
34487429
87624166
92001300
44052074
67829249
4446672
30435145
40830387
70147689
64061284
37457534
59811955
11830996
10667321
17092736
33609093
45115956
62528292
58116537
11711438
91706817
34236961
97120394
27157996
3875465
30996652
66380357
7653207
91831066
65446452
29047353
11819473
17896384
63883999
22796548
21438286
90374791
61606250
34611551
97091969
79155167
58827995
16272453
32549749
5050644
29189613
69296555
29508346
365213
29223325
56611470
88301833
27821104
88190790
88332693
93469007
56252810
29863101
66719533
68786330
83715234
46083380
59048135
71453557
12877076
62256492
40619825
19578592
42502956
975299
47453433
68833958
28486799
7165085
242146
87112784
10012614
30761649
97769122
11813722
69167267
88610708
61181383
43225434
46570372
65433790
5052212
15629801
42228966
36916401
36092504
50371210
46009906
21984400
9999961
81933259
87240371
64213017
13234975
52497105
15471265
15381252
61127349
84808313
51562916
93437091
5439384
31677606
7602800
71645242
41426869
55761792
76792184
65169794
91351370
67779172
69537999
4059313
30653113
49267971
51706604
25880422
53167658
20871001
22346472
60709218
79402185
45898858
96704974
35480699
2204140
31834488
14087893
91595718
38699854
12986778
36668118
63717421
6556178
30131474
66947414
53610653
55351724
87910978
85668449
30548775
62022479
34536828
44362883
14220547
29948294
82738008
34995106
10065487
18973184
36637374
34090915
63851864
69217334
44221928
20101223
7394770
41587307
79777187
53586134
80075749
61968753
86643777
47185546
35183853
68045685
73906480
55599882
33611061
44947065
48976825
55870497
46898368
24294108
10723472
18937875
27191436
17655904
84740193
69243953
73199638
4861205
24224830
51773900
28120197
52112003
72892473
59750328
74191528
57953380
42664989
7044562
72767833
12183332
48712195
4168871
54977057
39701395
32566831
22198672
65959844
14289852
50619462
91740879
43912676
67378104
55569674
28890974
1801154
54828837
28106077
79323590
91623717
90812044
9952083
4031928
61044390
21082832
97439308
15256925
76766706
99266988
94243005
85325774
94886282
84482694
69313735
67616300
12021072
81380218
21888494
4357063
26345570
90951921
98204536
46910446
55496220
59388357
57496978
21570001
33900648
75041269
84797028
78082039
88210105
90135989
77840540
80368942
43644025
99342953
40383551
60682203
52518793
37480144
8964854
33453260
43417563
14772491
20501450
57093995
17375316
86825483
35631584
90156158
4820694
35544402
16616620
41933425
69270537
83544697
10925955
68057622
56673480
33244944
69035382
96420087
19828680
82639107
62966332
59385322
13997673
36560997
30770156
26257572
2561846
8267140
84012625
91654806
23265313
38834303
24449083
32835363
69042950
15305240
31036355
78811937
46961802
20862918
53241226
65681983
96434581
69039982
87497553
72881007
58371671
95326659
35486099
9334391
8275702
10004783
47408488
3576031
1218214
9659580
35058588
27178262
37812118
34690953
12470447
94377247
81788994
33391067
98867329
42199039
46967601
31434645
60600126
38265153
32768230
86686671
33041277
63224564
80033124
44352516
64753988
55704856
58199906
63031396
47295267
37007105
32828635
5494820
22147147
29612557
43839002
60018643
77449773
65801012
57160136
34010534
73558460
34767865
57900671
42461852
61583217
6186304
74329404
89899996
60912752
33423043
9622164
57736667
23213239
57433966
83928661
25140659
76895648
49702428
75190122
12071500
53527835
33814281
60168186
46372010
73360025
45974017
70231910
78053598
18803791
4614116
674561
90928333
94820406
53129443
2314238
99789342
111280
41735184
70168345
82404868
47222536
41722932
85562745
54693926
16625614
47233801
14386013
65956182
76672730
74117290
61623148
93554166
30284022
45895206
14517422
80168720
83584898
27383110
95286165
19159413
32441317
70485614
1149109
33062423
69542930
72060415
59687381
36995273
44763025
39719977
48934760
72575145
44883830
12215894
99543666
45809008
41940225
89086566
81994591
19980975
84257640
11808215
93078761
3493058
11961740
62437430
56460688
87880531
49658464
47292920
95194279
1896112
23557835
89190953
81674782
22959079
90965652
41128647
77116346
40971261
75425320
42149850
7373632
31423101
15854426
32671443
73866096
65589010
87481592
31002402
60921537
35569555
71595845
67331360
84171830
32663969
93238626
23965037
34187685
60176682
75652080
44883600
38179121
81881839
73239437
94770493
3682106
24096228
43422537
63730624
41927278
96540
72490637
14733538
38745520
16960351
90887783
16435215
29228350
99659159
76076738
62265044
71867500
63300440
41620959
1435851
95697223
55991637
71490127
32437102
13035077
71817640
72549351
40110009
78231355
15754711
14625090
28053763
34898052
60004971
52962804
25845518
89450409
41367003
856784
98570539
74665651
1050355
62171834
26920296
57970721
21576077
58793369
94187078
49158617
87669904
39973386
5833312
43940008
37469904
19162134
65952776
31476755
24721709
213326
59820352
44710391
64187086
96907086
82828051
54407825
60514625
97342942
85636437
73178098
69954399
6417578
92223430
68829754
94224458
37820550
91107093
90219263
39897277
6390406
9845733
80621422
24019261
53046408
67723438
97926515
54250060
80170678
10186633
89058026
30531525
8198712
21887075
65342096
98045062
94716515
84653834
56606928
95051344
9547962
37042505
31467372
17616743
43011492
70122149
28957126
44133040
7610394
79400597
8775395
18438874
88760522
5338223
8632967
34026662
14154221
52875873
78217065
5556668
55976207
26725158
4408198
30802207
77913594
7405310
95376428
58308221
57995165
39838559
1061200
66322203
2144946
38532954
38459905
69553552
28270534
29062925
7030340
97687912
20188127
91957038
78387742
13301895
26099457
32919136
64400161
39568067
68396778
11881272
55416843
19394153
37406863
7153114
24874630
55428811
6178850
95308449
35756798
18591904
73134082
23269426
51549976
17956906
60369732
48310593
93754402
19059929
29143457
57103969
10719350
36499284
66750703
57554544
269510
46173679
19932396
32703716
21507589
22819092
66788016
79868386
6309986
17236839
39956951
39730727
10204849
75560629
16437822
69087397
28126717
55521751
32887445
78785392
30786387
72386290
63741331
98252586
81439173
35726888
88369727
28429121
25789292
10833828
96864811
24299458
27243130
54773234
49033797
87430998
91228233
87765315
84536654
11493868
86997073
77454922
27895597
91407982
68663748
47325505
59419719
69584564
43582229
43698897
6077601
34773082
28039390
99049589
74839123
46181000
99940363
53503015
9373534
48206762
81000306
39564736
92345028
98804359
17194258
6498706
52947044
33550694
25800447
18511384
22829942
26902560
74335036
37684215
59432181
27967615
12508268
77565204
64107820
87902575
8025950
21715135
82052602
17494901
21831848
90673413
917796
57782164
17691568
81192859
56594520
20349913
5133471
60222582
897409
52340274
80887714
63956833
77098449
97617181
2106266
78577570
27970830
40089744
93431518
7512044
27979109
29087919
37694547
1264319
33846209
1942635
75448086
38053381
82735249
87890143
85787173
24668830
111000561
35705817
83266006
13965201
99795159
7617062
29400787
69809989
60619435
58012707
42703248
82257940
98792570
79922118
46159582
36982581
9236985
66290900
8730435
25407406
99013397
52496105
20201255
98891840
35224440
93684009
9780364
24285858
9677699
60944809
75719089
53860621
18658572
45311864
11868825
38576155
91969909
64961254
63583431
43528009
95283172
75500286
74029853
72283691
59156966
3574681
62835876
91148083
61948106
85638822
26285557
35870016
62376646
79571449
74137509
38430673
38057522
82542267
59494222
16762927
99523325
32022366
37930737
35220244
69319869
2759860
60884672
7614732
3972721
30552375
90502999
67523044
34370473
48653261
17052477
40003819
50186558
83008724
62200831
55321970
33970665
74825788
73048641
80811661
26412047
74519184
31531170
58441120
86308219
18144507
39275698
75782277
83108603
64801562
35762283
45141013
51684157
17255673
34721681
20071842
3113667
19613556
94016752
84220251
57441100
51412776
48784854
191749
67951831
75141056
76442616
32175429
53466826
45337544
70422863
64697431
15555120
52105192
47128571
94317736
70000776
26232916
25377819
39680372
51365514
10248192
36350300
46130346
18027138
15462014
38552107
64047146
12174035
80566312
83512285
67517351
90384300
19337371
69492187
7142724
55343303
83670388
72776252
76751255
38848158
59054773
79555535
62161698
73616671
86758915
13482262
96631852
33031674
91946859
55136228
6430659
66957584
86547356
52684508
12247206
14391920
27541267
94163677
3492538
23615409
96965364
22991179
16227556
16169772
1845204
11913700
39440937
99330325
93946239
98374133
74063034
87973893
87047074
16550875
45072394
64662453
20457551
63018036
36623431
53039326
34559295
51697825
81171949
95214051
21770260
33784505
41182875
72710085
92067220
79068663
37745919
67968069
101201053
10080320
39049051
35059553
97570038
85541675
80204957
11699941
16708652
22751868
78348934
82286798
69540484
8953369
34447918
60519422
87210505
91985515
46089249
82270047
67237709
78543464
56111151
33407125
69895264
34771947
59160188
61264008
74717840
77007920
43034264
66970385
90330453
50847759
85602018
64659851
56256517
90263923
86541496
25614410
88851326
89397517
96458440
12324546
61854111
69320362
34103656
57201737
90500169
37198732
3136426
61850482
74741494
25290459
41085464
18890039
84121302
15590355
36148308
73206827
11471117
2362787
72554664
83880087
37231841
55226821
14532163
69162969
30502181
52665542
78845026
72233469
35014241
23171610
64238008
3567660
51335426
73287067
73275815
28827503
68957925
8955148
35487920
8083925
37582948
34959756
17228908
82760689
34664411
67955331
39238953
34834619
81777047
48444114
87931906
45354718
72859417
56619778
31828916
13247801
86852702
11398951
39996157
25518020
25769732
63995093
96127902
14001430
71348837
60470713
83746708
26534688
67227834
49941059
1073952
61844784
64990807
91819979
39910367
18809562
28553439
64389297
85852291
47679935
71650854
93356623
67901914
43455065
18752707
98494543
24845628
11827244
13758665
40252269
87769556
95477924
36045450
54408264
99426088
35815783
34933456
7548747
327051
94940436
54734082
80352158
4740489
27331568
84877802
49366157
13611090
13972452
63144961
2783661
76473843
27827272
81384993
18378992
75223115
27564031
99597615
13626450
45065541
19671433
24037702
19870120
28643791
62632427
91027843
57329501
45247637
66865880
21143940
93600443
87819421
82432018
20765952
56948373
34906152
17008760
41410651
14025912
80921533
24382602
2364438
51225407
91405870
84206435
32062913
84504242
69003792
22046459
44139064
39109382
66594927
67328336
63644830
76981308
37256135
84731222
64442155
48642904
97433739
44656491
73594093
33114323
46500985
46411259
20720928
22398665
33767325
80044027
16310544
16433136
79912449
43527730
41044418
88032456
5972394
37520316
69257165
38680149
52817046
99004752
35255456
6343408
44887817
45906428
44297127
31461282
36484016
37011715
41482598
48017809
101201064
10691144
1200843
92182447
1036974
47529357
89883517
4227096
1965724
72142276
19384334
95784434
43040603
83764719
50213848
93108433
74848038
9576193
19508728
58074572
93671934
73244186
22123627
12760674
44424095
90659259
70423794
7817703
56074358
90239723
20686759
269012
70222318
50913601
22493811
40703222
60398723
68191243
69279219
56700100
53291093
25774450
76375976
18161786
48356796
36607978
5318639
63516460
80161395
38325384
94599451
79072916
34572613
42577802
1984618
63053267
98931003
62896588
34813545
37322745
48576971
26194151
18954366
47355498
37561138
97211663
51124303
14735698
45666710
42015635
47274077
14088859
60226558
43845801
81913510
89882100
42560034
58775978
79324191
95545183
68441986
32939238
23842445
83438826
23562407
41359411
46008667
14745409
7452945
55742055
71044499
17449108
20065549
55154048
7320132
15388353
43694075
20994205
4606229
77402960
41850466
46382143
41418852
20936251
63703130
72537897
16494704
48144509
19230408
60448701
96203584
24050692
90011152
8251996
24643836
100000101
2390019
38395123
98259197
54239282
4857085
31006879
33782437
2295440
68223137
36042825
93104632
90470931
6595475
26493435
85119159
22993208
19523799
80312545
44762290
79306385
32354768
74115234
90351981
62834295
26845680
78986941
33578406
9113513
60946968
79718768
96462121
72204747
52553471
65993085
74852810
67378935
27068117
3659803
60577362
9720537
49370016
2819435
75153328
74191942
1033312
57902193
61557074
94585852
22842126
93394164
83102080
54283059
79707116
50152549
58549532
44092304
39261576
52263685
72083436
53208660
65646587
36111775
60434189
38203732
74926274
69982329
83461421
19501924
26237713
46005939
69792699
13764602
6471156
46066477
55553602
11481610
71705144
62472614
42709949
48308134
75702749
1197847
93224848
88504133
98153934
71233859
66607691
15520842
35848254
17418744
72044448
51589188
9354555
70899775
21862633
17322533
33907039
44227727
93031067
33302407
76539047
8842266
95561280
24094653
15248873
64014615
67169062
51790181
35261759
98672567
98645731
49238328
70278545
55144522
84211599
96598015
37630732
54289683
19844995
77027445
1118137
90246973
79059098
16269385
43664494
13048472
68304813
72129804
88069597
31643613
8148322
14463695
30392583
70828912
96729612
71832012
94303232
86016245
47435107
82460246
23701465
77103950
56063182
78933589
101201055
43711255
88617904
77584012
31328739
4230620
575512
75539614
9322133
11047543
26773909
25401880
92346415
80681226
32180819
1969506
55584558
82105704
29599813
21347668
76754619
66835946
90519313
38723936
45869829
49479374
31443476
31980955
27980138
37318031
82685480
29432790
95507060
50692511
8559793
12580477
56260110
66719324
63945693
10938846
40854824
12735388
51267887
71345905
57734012
96142517
94220427
45950291
47660516
47882565
86196216
92365601
48333324
33252803
41201386
43383478
43476205
58988903
23581825
36224040
67526112
94681654
87609391
60876124
7625614
13386407
74694807
63854005
79698395
36099620
81954378
58577036
87567063
23459650
85775486
73271204
87778106
14166715
81191584
96316857
99995595
844056
87614611
38199696
6172122
92353449
45410988
32807846
79371897
74845897
75417459
98847704
78063197
22589918
51482758
90576781
91580102
81615450
17000165
21179143
99984170
63899465
26864586
59593925
23008320
8559524
15576074
98552723
99518961
39399168
19827717
6853254
61466310
7986397
94666032
5990062
94950218
18302224
31066283
89226534
49469105
76136345
37534148
65687442
96162588
69164989
76869711
58641905
20436034
34016756
96661780
38784726
45778932
66947913
94807487
3285551
8321183
75457624
25796442
65450690
52913738
60234913
95658967
54351224
27863269
95515060
94793422
48214588
80196387
25090294
36708764
80893872
58415502
72405967
69868555
83831356
29595202
94445733
66712905
68957034
92107604
30430448
20618850
67835547
93229151
31562086
70046172
73148972
23377425
69761020
80831721
35037880
11052544
73787254
24793135
98850929
45725480
66156348
13604200
32268901
28534130
52155219
88540324
83554231
1295111
54529134
64964750
96947648
44182827
17639150
37511832
1127737
18205590
32391631
73915051
83558891
32152870
7236721
41619242
50215517
40597694
83054225
28388296
8529136
22539270
74439492
48445393
1050684
10352095
61258740
58203736
97809599
47658964
22537443
36562627
77876207
61976639
25407643
79968632
68462976
59514116
91665064
81524977
18752938
24940422
15103313
63394872
60391791
49398568
73468603
95034141
23153227
99162753
44394295
6958551
61322713
33904024
56830749
1372887
52097679
30683373
11102908
47436247
54031490
7672244
59237154
60365591
82878489
35906693
62829077
9553721
73055622
40364916
40005099
15609017
95638658
75967082
4215636
55713623
14816688
44968459
42534368
53778229
18563744
1557499
25231813
87025064
28617139
64002884
68661341
72345736
54913680
81426505
27813661
50005218
99550630
25955749
46271408
21623008
25733157
52340444
51227866
98338152
24010609
97616504
63166095
9726840
40522482
63035430
47596607
71344451
89558743
97169186
47870325
35259350
2099841
63789924
17189677
45986603
86318356
19739265
691925
27870337
29650040
53265336
56510115
86780027
93377803
17888577
81231742
68073522
6909330
54447022
5253985
51670553
68005187
95026693
47852924
34884015
5758500
78864369
23020408
81510157
90506641
42314669
69176131
1539051
39041729
97362768
76103675
42598242
97520701
12292422
88204302
36730805
29114773
12148078
51481927
41160595
74402414
4259068
313513
76714458
75014062
38943357
29228529
93260132
84117021
40230018
20822520
61592395
97997309
46448938
23314220
52628687
43841694
25123082
89739383
56981417
88616795
96677818
56321639
3259760
69408987
26640671
82768499
38590361
49328340
50418970
91530236
20802187
69832741
94772232
31893528
30170981
67287533
99173029
28234578
69112325
15866454
2625939
42431833
88836438
15443125
94425169
7496001
23499963
37626500
30979619
73828446
27642961
54631665
54458867
19671102
22555834
54562327
81385346
49154689
65384188
67196946
63485233
43661068
74850403
76500786
37750912
89181369
97729135
1003840
92341815
22007085
85590798
58406094
2370081
81810441
83225447
37364101
70786111
63102017
13210191
60764581
20212491
96239878
5795980
34646691
68001309
69145169
18114794
55375684
41139112
48015771
71459861
79816536
61650133
52838896
70473293
27946124
53286626
16780318
26120084
11050415
66171432
48130397
72332074
15721392
10424147
27770341
48422921
28529976
14094090
45948430
81193865
53363708
16165939
95750695
17626381
98380593
72043279
33057951
70491413
70083592
94145683
44843954
36848764
96765646
37120512
17589298
98495314
61405855
48716139
48447192
5371656
25067275
93087299
12923641
72302403
56465981
83308376
93850690
82016179
2295831
45305419
78794994
75304793
35537860
98143165
36737092
23442438
88289295
41097056
47699948
52128900
99243014
57246528
101201051
61032879
72446038
18895832
86449372
83682725
43641473
1187243
19312169
9175957
9831539
33878367
60362066
34225426
6767771
68392533
28741524
6795211
10125011
65236257
29762407
92481084
53819808
91468551
33609262
9597987
54631834
48605591
73628505
6589707
11264180
58258899
11110587
50427388
403847
73680966
82386016
1689516
458748
56787189
85182315
41142615
64927055
46232525
30606547
1784686
11082056
43973174
20065322
42829885
92223641
33017655
33981008
88089103
44649322
5697558
95642274
81820689
11163040
66926224
22610082
48800175
79844764
8794055
101201057
50433147
3298689
40703393
16430187
59371387
26684111
56433456
15449853
48179391
4081094
99351431
43434803
18458255
44771289
78697395
39913299
11587414
95281259
53956001
18720257
27561302
80577258
89355716
92562411
5973663
101201054
57285770
84792926
4599182
65079854
5703682
63391643
69196160
95238394
20264508
42469671
55557574
40450317
20216608
94068856
85808813
81670445
10877309
19403423
40350910
52971673
57182235
82361206
82003859
46497537
70508653
91500017
43175858
27699122
70560957
89997728
15259703
90359458
61068510
45943123
92607427
70245411
38120068
63875853
60879050
25573054
101201063
5288597
48805472
12801833
46918794
21420702
51097887
96378317
10793085
7889323
25908748
96383838
26285788
72709014
45383307
9989792
72772445
64576557
12181376
32298781
80230510
2903036
79759861
99890852
62481203
88693151
63492244
35371948
51208046
22159429
75622824
25311006
35269904
61159609
49430782
25334372
85821180
96363153
95612049
76806714
60431417
21900719
43898403
45939841
6203182
25578802
15543940
90814668
12931061
49936169
35884610
43658697
19814508
61613388
71143015
2263869
22431243
76647978
22702055
82999629
4072687
12524259
8428836
911883
12743620
63595262
60399954
66399653
56747793
14731897
73567374
62991886
70368879
27753563
25274141
99002135
89264428
16471775
89771220
32692693
53865474
30341772
1353770
45584727
62188962
69700783
5795882
27345070
91951471
65196094
60095092
13179234
75952542
49568943
23299957
90434926
76798740
33971095
76871889
95220856
21702241
60728397
54306223
80402389
14108995
7206349
904185
65124425
75524092
39774685
15052462
64973456
14886190
50275295
57425061
19186123
35659410
41773061
7337976
34822850
31444249
8437145
78748366
55046718
92035412
90592429
74657662
41858121
65659181
1644289
54807656
47882774
81613061
45943516
71331215
83880473
54539105
90873992
23424603
49669730
7133305
58924378
1834107
65612454
84428023
53193261
56577312
38992735
63665606
31222701
10035717
42548470
2084239
51405049
9786492
18756904
19885332
84335863
49306994
63509474
68427465
68815401
61166988
64178424
95714077
17197110
96156729
8843569
35262428
83289866
10805153
35098357
57916305
56894757
83301414
19673561
70226289
78574395
38568567
67775894
90173539
93236220
61654098
87571563
67831115
2930675
14604710
35546670
99674361
31706048
62279666
97648103
68191756
25163979
43140791
28506708
52098461
60622305
30600344
11705261
95471006
57836546
78610936
85839825
72355441
14602126
32999573
74728028
10275411
8339504
4545854
13032689
59197169
24181936
17183908
43577607
4542651
65938950
27918963
79861914
61884774
54880296
32056070
81332143
62499965
64230128
5255013
74580251
97946536
61011311
81756897
60162470
30562585
85446833
95664204
62623659
4017398
95856586
675319
38363525
65357623
19942835
4064256
46060017
