68170903
21597117
32207100
5728014
28645123
77421977
54374642
69381150
80801743
27744077
59057953
4682617
97232518
79206750
60202749
34707034
97697447
98444741
41356845
9341993
45730592
62325062
47060347
7935043
70875955
65384019
17490535
30834988
73355951
21070956
80143954
86885905
98753320
2547033
35146019
27541563
66984907
92650018
29867611
55262310
36591747
97182396
93473606
20989253
67987611
25396150
62480168
83407038
6459419
22082163
77972406
47598941
19763315
47482043
82255872
4810585
47594939
44822037
42364257
72150572
20138923
53112492
58921041
25573115
85888377
91392974
43341600
43262273
48539234
95132338
28325165
78910579
64437633
46337945
99189322
5168381
56246017
28493337
57605303
79649195
65150219
2148918
36868108
38960450
55348096
12444060
99657399
76407432
80280737
62633180
74431740
40012727
87043568
37053871
6112401
63689843
3103067
84389640
91989718
85352446
58990631
82140600
82832464
53701259
59919307
82705573
32603633
36280194
89328238
46253216
76004142
40633297
67443336
80584548
28062325
48814566
41925941
51369889
78783370
96700602
22047978
60534585
31245780
60530944
71652522
94463200
78621186
42233477
25221249
50675040
84962466
35149085
16255442
1712616
40633084
32360466
20374520
94662235
56535497
95472621
92714517
84677654
35539880
67381587
40279770
50323155
32754886
72278479
96367119
72930878
52833089
9925982
44028461
80254726
53519297
89040386
25435080
43906884
69973414
89041555
51208877
98239899
99788587
21466326
52198054
19271881
75249652
15177750
82422049
32015116
22802010
99092624
13438207
6890729
47778083
27923575
24425055
14839621
9715126
96699830
62753201
76532077
29401950
48582558
39531794
59258334
6763530
32756828
60442460
45675980
1041278
17751597
81767888
9852718
56526564
4008212
78474168
96218085
64018647
24707869
3105404
60930169
88086137
36809777
30155789
58531587
61622107
10971759
63049052
30338466
11221418
66727115
86690572
25669282
80163754
50243722
75987257
63630268
35011819
20735371
36935434
78637313
97803170
65743242
16970158
97077563
45133463
88513608
59957503
13513663
44209392
36468556
84491298
51394546
48276469
1248895
51449743
57139487
3171055
25050038
9581215
85893201
39980304
22205600
82382815
74095602
24673894
4923662
4081825
60329973
11593137
56532632
98076754
50797682
18271561
72287557
99397762
98905
22479888
8323633
86871614
56641453
65830223
7565547
78184733
12197543
40465719
48216773
94192409
67630339
20590515
31000575
63413494
63545861
62777823
46259438
20007374
21843307
18517177
8057630
13235258
67949763
42309337
94561645
11136371
30488793
28340377
74458486
36975314
49600724
24566654
24082387
37083210
56889
55838342
55312487
57728570
88667504
39712330
85766789
47149093
87259933
11155484
47121070
96331676
52176579
99274184
2434862
38606913
8837932
71442223
41398771
66742250
84970821
2926176
12863633
58851034
12670770
90440725
63477921
1157683
92773018
82428674
18597560
91269402
4433488
82886276
7403341
36368606
19943114
43405287
8698851
9201964
62868900
48032131
99075257
26841274
2833249
8628798
5606466
76552147
8643186
71069715
811734
91781484
72648577
71249758
50696588
44584775
28378427
95448692
87106146
46031686
35268887
98535702
33298291
15083304
97001138
77538567
1804528
37209439
9030160
9765723
3701074
65824822
9064354
16964437
5562461
20522190
9287078
76045757
69402394
20858318
41930553
12930501
38167722
93599951
10131855
3167439
30127518
29876529
58787301
87990236
50501121
54527349
69122763
89462956
65703851
35027493
28654932
71417170
24268052
28877100
37421075
59839761
8279188
39131963
42079445
93747864
36693940
34149830
22634473
94212438
15294090
35464895
18739764
98956134
62980542
5616412
21219755
15155568
32104431
30748475
77859858
41348446
20985997
98643358
96857854
8868767
83241722
88482761
59905358
31863912
96015976
39900763
31849106
81782376
44046281
54175023
80560728
54297661
73632127
17787975
67095270
83326048
98666339
70342110
74582050
41554273
60675348
52020510
99414629
26631975
78420796
7336745
28292031
25419323
52807032
24623598
26834022
20727787
46480475
77561728
81066751
89914395
49010598
62681049
27340877
74701381
56769674
6260554
79997591
29354228
56588755
82956214
42158279
94113093
66395299
67464807
63992027
13166648
35479109
6214163
72621670
5914184
67223587
51976476
21007444
9070454
50045299
16278116
54178050
20638610
5325424
77515704
57416183
28927782
51849216
43250041
80193355
4440873
26557451
37444964
25964547
61459246
81038234
28265983
473469
55773067
47475363
84965420
44644529
75157704
49752795
8414337
60082869
38049934
25700114
46984349
17427333
29934351
60866277
42578427
88341502
15582767
84361420
54059040
92379223
20612097
94253609
61411502
36586443
11167052
73872164
28649820
70628672
9409625
96355986
53442500
56916805
57006589
26022485
57274196
32120116
62878208
54974237
18235309
31550470
53417695
45283341
25750986
35787450
82162616
48680970
15693423
15684835
6494106
42899204
79383919
98360333
34365442
60759087
64815084
24362891
74100225
93504463
25209168
3160805
17484499
20419926
95451366
197042
77891946
84125619
52140003
68456353
95676943
99162522
94937430
57047293
5641251
32036866
55766177
39276790
21598948
73507661
17653779
41234315
22628574
3027001
90312154
32785578
27001740
77910045
786906
75047173
71060915
31044787
81172176
60743819
58607704
50078509
1759808
68054593
85862791
52503575
89719143
16832845
92595643
43061293
33665663
70329348
44920699
36006208
94804055
43618262
33622465
58873391
94626050
21834870
70946699
60718396
9267769
69599136
41215808
77610503
9298235
42776855
83778600
3211439
43340443
97806240
74923978
27104921
43889633
26931058
84218527
23869735
72029628
26781870
75025112
18138630
74416026
34351849
57069605
49998907
1781310
2994495
54927180
4931121
45178472
70865988
51091138
34449261
73026394
43331750
66127916
76972801
13166204
18446701
37313786
85709845
6148016
57753602
41777
80758812
18096222
81601517
67045174
720147
37931734
64325438
34460239
59490397
22373487
10028504
67113830
80802524
85827713
27170599
61818176
86516889
50527144
37055344
51099515
45792753
38409239
65898344
43986064
80723580
39526584
98299011
34047456
55465441
16990348
96216229
97234686
52394047
14464864
61962135
4149689
69632396
21677871
56984514
9744376
52648457
13504844
53334471
98273947
9032529
1637760
57270476
83266092
31548215
98715423
48135190
61705417
33737664
98596596
85742772
7811875
84442536
49966595
75361204
89405199
85555787
22888900
55608151
64283880
88928798
67007102
47393199
11908584
24393683
73079365
6799227
15552258
981540
20285786
88789641
68875140
94374859
65664792
87639778
93895605
39033131
32335697
43708041
38143903
32065885
47439573
52417194
23924608
17536995
37241623
44676200
37412656
19024706
10489311
26647858
22020907
81167171
85854214
21924381
95920682
49551909
91677585
2047519
21840375
53670497
11975962
47360060
70569684
32542011
80036543
98069388
55749927
21350571
15083728
97922283
93191801
65396880
30353551
92266279
11925569
16317140
77778835
53567095
34293667
20899496
53742162
4825390
19362568
20721759
65872270
86778566
9995766
30459350
61740673
90434657
26357901
68077936
9059700
51717541
18712704
14550855
15313433
12541409
35419032
81218874
90934570
27207573
18816758
54109233
10045474
72883039
36894320
20057949
25005816
59695933
36261276
57384901
91592030
23122036
69091732
59277750
79161790
17722185
259314
38643567
34545235
14730606
21558682
98954106
22454453
83968380
41440817
81945678
8316565
43685562
70070211
55256016
93595154
4869446
55948544
85080048
56294501
65430834
5479217
24068492
62271284
81057455
95602345
3693034
2924048
79178930
33184236
71587526
33925864
21639276
11501629
10759529
60433216
24590232
27503418
9251497
12216615
21908319
90452877
12385638
20960340
37390589
68779682
66526672
81128478
86049351
95254840
97970833
28566710
79371769
30461781
84397023
54976796
86133013
86223870
72022087
88083109
44889144
14478717
14318794
17178486
38105306
83027236
62867251
44595286
35577420
53341729
49587034
22201234
66194206
86607583
82324105
27551
92450185
29307554
70916046
27664101
55034079
64681263
18478530
82452993
7852509
24348804
72453068
74003290
96012004
36378044
57115864
11193246
13935001
8243121
59741415
70406920
30241314
12940613
79759367
68159562
75833426
48439321
23681456
62279055
96474800
59344077
77414722
96008713
15943341
32723153
81210420
47810543
66149377
20745268
92534075
29628180
53119267
85758066
7922915
50755
86509711
89448140
51510279
40493210
98904974
58270977
77133792
17841166
5153769
78949372
2572890
36183881
98020526
9074847
53063039
44763696
1224927
6137095
83828288
71164684
18158393
19712214
27012990
83723605
84430165
80627281
52945066
63881033
29549364
57882509
21768554
67820935
94446564
14393464
87804365
41867019
39753577
76209339
40204620
2992036
77864539
41475424
82134632
63804637
71098407
60080151
75646520
26905245
69711728
33327029
42237854
68540059
43959432
54199839
52714670
89208725
56856951
64274292
37580756
18190572
42705243
78199891
10632284
15800838
68937720
75392615
59718521
85519211
34815282
1918087
55985014
97168905
68334074
21636650
80551130
44095762
29649320
43452193
67232306
46656406
22359980
164710
29795530
58392024
59305593
37436476
23270035
54564198
60621361
14005031
92890308
85101228
77229910
44413654
14613029
28284902
49833312
80863132
14057297
41458579
75364199
49251811
35563539
24429467
5466615
31855260
60967717
40172183
18158397
83467607
3734202
81223446
56773577
38411870
38299233
84968490
55117418
14315573
101201073
84640866
101201070
101201071
74414885
7076131
42956963
54704216
57831349
68038375
89628781
50766506
63626024
13629812
90200789
70861343
49204190
60306104
76848240
27581098
42793609
15286412
89792713
86827882
64797746
847915
97738431
68630939
2130625
29389368
39122311
99311109
64043465
88069166
82340056
93217231
23837054
96433300
87313164
97173708
14470845
75884822
29843091
53923690
47457347
56995655
91534476
74202664
73820802
55573346
101201079
33248692
96875080
703897
29666221
55051920
47171541
39537362
39019325
63193536
23282832
87046457
20140382
24920410
71272951
78859567
20513882
98414735
38761908
2376209
61420130
1154611
64765016
35035481
24903843
57355219
879958
23327298
52228131
29185231
50292967
14055212
967928
2359348
76660409
84274024
6992184
68477598
77826734
17885118
42378577
73193552
22765132
36415522
5672432
92958307
53936268
97795930
34302287
61397885
40555959
25542642
61936647
98431356
63571750
63356631
42925441
43813459
8653757
63442604
74270067
58015506
90669991
94431029
44509898
34029630
46502013
10282757
39163598
54451023
20426176
43004235
73578229
91078716
61840587
25642998
65046521
86821010
53656677
76403456
78586116
84298614
35100834
67234805
15447747
51858200
44536921
95083785
4483989
56119752
33055499
17016131
66518841
33280639
11373345
66367984
49511705
16678947
51053997
36970611
82633308
3146695
21488686
72563071
33323657
55673611
3891471
34717238
58464739
31077447
32875265
64161630
82983267
78942513
30585393
53569894
1082946
55824220
20447641
4450854
30845999
40838625
87772572
58477767
21481146
23639291
87091930
21648584
30500113
54423935
13486638
11741041
4178474
45653036
5611760
63806265
34002992
7617253
1259814
66994718
12503902
82529174
85704698
20426907
31785398
28121403
60312997
45064756
42444868
83888009
983995
96404912
40551410
87955518
37576645
11596936
70238111
41197012
2542230
23002292
5376159
18634367
50584941
71782404
57135971
44397496
84404797
79544790
57499304
10118318
71948047
11224934
17814387
78161960
42776960
26956670
38777931
37507488
54658815
61656650
94739788
81306186
23912837
8951260
49082032
22747316
47247413
27174286
39387565
46874015
91742238
10537981
51686645
36690018
94156050
93775296
77622396
93912845
39967326
68941332
32557233
83555666
70344351
16067089
19254117
78211862
30450531
57815601
11556339
54094821
9145181
90846359
56339050
4587638
88279736
83258273
20781762
13317419
91597389
93382620
33950246
51452091
93016201
26586849
56058888
86742443
55049722
82977464
44901281
38296564
56120475
20788863
14934922
51339637
2971446
60627999
11434258
5941982
79552283
95245571
75078585
5577649
59699355
98427577
50947142
48497555
67100549
79205581
20920083
19089195
17874674
52971944
1802450
42425831
81443745
52534264
27053506
18252559
95096437
26533075
79569173
57585212
40771118
19451302
19590644
3819470
60158866
4904633
21011044
35329581
58621589
29267084
99735427
92099232
12117532
93655221
3244563
77847678
59560625
89563150
276357
78765160
74798297
4333086
47264717
92080692
30922149
57823578
94423983
92219931
60406591
77505534
72497366
23212990
75525309
3280747
82732705
63227401
73729209
126218
98139712
6733059
72885174
94484482
93396832
16720314
80678380
596051
81791932
62370023
44472639
16308000
41420027
92512625
40605147
84749824
35346968
92043888
56058749
23471572
93211810
93138457
76297408
73599290
79339613
87844926
92428405
92924317
37383714
36376145
88197162
81665333
65107325
92092092
97151365
20644748
58543073
1669772
76137276
38275183
29735721
10069180
18807109
56051648
6691855
22866836
29477860
56461575
53239672
16674846
92394653
70156997
42945701
5037726
78625592
6540606
79333300
39765115
68250822
10584050
83199011
25415161
53989821
39373426
9212051
16598965
86060749
70391588
27196937
13556444
20590784
35129241
58120309
21985407
58374502
20417688
23626223
65810489
92854392
41510920
5026221
86555018
83195035
5650082
25173686
30643162
13955608
81489939
43994202
28369508
74640994
73575650
6859683
29724053
23516703
77432167
54340229
29590905
47819246
1825445
32854013
73694478
799183
8608979
97705809
49980185
84869738
58419204
58272005
44612603
10651797
50277973
71934924
84613836
47961342
30426226
78836195
14821890
99137266
91650245
49838105
21879581
89974904
24545464
75105429
14507213
30123142
35817848
60306277
16946849
59650656
89789152
8038143
58421530
71983925
90740329
1329620
38436986
74920585
23323812
76823930
26509612
69724380
75294187
6075533
63086455
11110218
40253382
76641981
3868277
39454112
22869904
32245230
17688543
27062594
92408984
68400115
101201072
34694160
8522996
31076103
94861297
29826127
5915629
42671151
84136000
67906797
99188141
22748199
55008284
26822796
48716527
50470982
24212820
36247316
9336190
98827725
77462146
51606429
62645025
54241725
296499
56001930
17509503
59094601
48152161
30888983
6357341
99517131
46652477
20036055
56920308
52834429
74218258
16849715
24207889
43270827
79775821
36361633
47594192
95081386
27623932
18444733
82045034
91781589
3129635
49514333
80987696
1344018
35316708
18678554
76587747
68490573
2055403
99157310
67037924
83675475
14342283
44716890
5832914
43509019
79447365
53094821
18605135
7092142
53582587
62784717
94256039
35686188
37890974
93918159
66100045
58297729
64697231
4206964
75902998
19252988
3055837
79766336
80955168
2122975
59616123
70825459
80101899
74577599
29616929
99590524
54762426
13685271
73988674
86379342
40975243
96100333
90969892
93983867
21076084
96148285
7436169
63323539
76384284
61529473
35125879
62089826
50951359
5609226
70284332
74611888
3149764
83747250
57348141
83887306
21237481
14883228
57470761
38318146
4638410
55271628
76721030
48357738
48636108
70043345
36328300
32247099
70109009
6713443
55538156
80604092
38891741
88494120
5779502
51324455
69452756
95352218
34325937
31472884
39778366
86474024
53077251
25704359
87800375
72648810
90557975
38844957
94634433
15758127
59070329
94933468
31189536
68688135
22900598
24838456
5851097
80738884
53330789
32233746
64038662
101201074
60375194
30650147
2266498
2287848
4466015
37313338
63708033
1683982
13364097
18249921
54591086
7608148
45313724
31548814
94432298
61965407
1005587
42175079
33725271
90075978
12607053
10813327
58169731
17078030
2779999
46660187
19275188
11429811
23068051
56993276
95084054
32061744
28604635
39103226
5380979
91822647
43487744
62487836
23440062
42167046
77754944
47766694
59744639
101201077
34507039
36458063
55072170
94553671
83546647
50684552
73860462
12989604
59778096
73192600
36197902
21254443
89320376
58374719
16329071
62530723
27705190
98935722
85763457
44553392
42172465
12253117
76515293
40736921
31213049
19272658
44487250
71541986
58628539
21723081
26708437
2371506
31554054
66604523
32764863
11228035
32086564
11109820
96457619
99064191
57319935
67249508
30398342
77783947
54903668
10612222
10312660
35561352
96073342
74854609
83319610
91422370
29999161
17521642
83133491
93014827
31712840
79852326
73881652
98918572
